0,50,0.00586916577466
0,68,0.0313271082916
0,121,0.0212540646785
1,15,0.100018253994
1,58,0.000593026340136
1,138,0.00104535137122
2,132,0.00593336306724
2,146,8.99905609785e-06
2,154,0.0166273934125
3,5,0.073205976852
3,20,0.11719770188
3,32,0.0798935820377
3,37,0.11962108728
3,77,0.000638281072115
3,92,0.00805558176971
4,3,0.0827501723566
4,14,0.134162614022
4,17,0.0538403932845
4,18,0.0693895552777
4,23,0.113070054262
4,37,0.0795527196237
4,50,0.00955568879719
4,71,0.0150066222968
4,96,0.00643507020375
4,99,0.000319463500359
4,115,0.0161544199673
5,13,0.139310069375
5,37,0.120073278896
5,41,0.00621177909547
5,57,0.00673778968928
5,87,0.0136498145759
5,102,0.0146776640158
5,139,0.00440309435435
6,21,0.184586846617
6,58,0.0203777324392
6,135,0.00786924938762
7,19,0.0456116584548
7,21,0.0912384215184
7,34,0.0490587670237
7,134,0.0104727056413
7,140,0.00321769130361
8,2,0.0884562063035
8,3,0.10143014516
8,33,0.116495371753
8,51,0.00740231132795
8,79,1.05226939976e-05
8,87,0.000192143134009
8,123,0.000736740189252
8,157,0.00375882258173
9,36,0.124251040141
9,62,0.000728069767125
9,92,0.000652715996562
10,12,0.0751333728625
10,33,0.073728073729
10,79,0.00224604545764
10,119,0.00403291232324
10,127,0.00469746314083
10,137,0.00385277707237
11,2,0.0472597703322
11,28,0.0242640611474
11,37,0.0282734098643
11,76,0.0122298600124
11,96,0.00628537223944
11,107,1.40181961215e-05
11,132,0.00134487387702
11,137,0.0183576672074
11,152,0.013877303484
12,1,0.118256414718
12,67,0.00735989986218
12,80,0.0104047827381
12,132,0.00493897431705
13,34,0.107979079068
13,50,0.00216801263823
13,77,0.0185522643543
13,78,0.00868208924675
13,107,0.000985580939804
14,81,0.00188967371199
14,99,0.00052124756377
14,141,0.00510280066002
15,16,0.210081233701
15,49,0.00785733654812
15,126,0.0564812757991
16,19,0.121962261506
16,46,0.000124428685265
16,94,0.0351393683466
16,96,0.0147193227958
17,37,0.0820614686019
17,143,0.025638337504
18,36,0.0924576088534
18,45,0.000336080030091
18,126,0.0167080442139
19,0,0.105674201546
19,13,0.102207838816
19,31,0.126484834021
19,48,0.00731728619673
19,74,0.0227657764065
19,75,0.0137003947802
19,136,0.00547656487574
20,32,0.151522347016
20,69,0.0556962165327
20,125,0.00341065305874
21,0,0.0690061395822
21,44,0.000957903473975
21,67,0.00586431291333
21,120,0.00135803889265
21,131,0.00460694833212
23,5,0.115418635278
23,45,0.00382543985798
23,68,1.90466324191e-06
23,119,0.0108014841027
23,123,0.00827768795284
24,6,0.127435519668
24,22,0.166345486516
24,32,0.0775431921603
24,71,0.0156991702077
25,0,0.147234197879
25,5,0.166609213737
25,32,0.140265282057
25,94,0.00319047420273
25,111,0.00612775888186
25,125,0.0138117993154
25,151,0.0228688304136
25,157,0.0100480831444
26,34,0.0788697539493
26,54,0.00962007490879
27,29,0.0687162149167
27,40,0.00159341912445
27,48,0.00180371688373
27,53,0.0169474654069
27,64,0.00709933754797
27,135,0.0211194858635
27,154,9.12008974202e-05
28,25,0.0833809834728
28,31,0.074166918523
28,40,0.000995292600309
28,132,0.000895664599437
28,151,0.00534019184596
29,0,0.0816538925983
29,18,0.0827574084336
29,37,0.0473894689249
29,75,0.00690456051065
29,76,0.00706416702454
30,3,0.109455362748
30,8,0.0740485094343
30,24,0.107092440282
30,57,4.30189964429e-06
31,22,0.121517588924
31,24,0.134207243538
31,114,0.0032724891951
32,6,0.215575646125
32,37,0.137228149976
32,77,0.0564426819659
32,82,0.0308631565596
32,138,0.0210066318086
32,143,0.0170162893328
32,145,0.0177939560336
33,0,0.144072411583
33,2,0.0691089119161
33,5,0.14955964676
33,19,0.0589050662207
33,20,0.0934713811553
33,25,0.142439491218
33,104,0.00439062957075
33,113,0.000697634262892
34,1,0.110940139128
34,29,0.1410491519
34,63,0.00460435376042
34,135,0.0122748212162
35,3,0.126504654252
35,4,0.0951526733671
35,31,0.0620221115719
35,36,0.0661560343326
35,38,0.167451061184
35,113,0.0240486419894
35,119,0.00262570992143
35,142,0.0272439521608
36,20,0.103627071008
36,60,0.011843838911
36,71,0.00592539563186
36,98,0.0135853782312
36,116,0.0124174365149
36,143,0.028214942933
36,144,0.00844985133146
37,15,0.218786221492
37,54,0.0208747702455
37,138,0.0271106551588
37,144,0.0166668050026
38,12,0.0683191099242
38,23,0.141536311369
38,103,0.00269610341275
38,105,0.00154483221165
38,109,0.00269610341275
38,110,0.000419487484714
38,131,0.0012638430448
39,3,0.084058474563
39,10,0.170017989719
39,25,0.0703449740479
40,63,0.0648291496353
40,127,0.00150877758482
40,133,0.0218809612691
41,43,0.0880475539293
41,79,0.115487112516
42,3,0.00288970191914
42,29,0.00448014949931
42,51,0.200660232286
42,85,0.0019517018958
42,93,0.00676181789724
42,113,0.0113361969137
43,3,0.00252909692093
43,9,0.00582765025615
43,146,0.0133031830816
43,155,0.0119998382367
44,123,0.00347094152738
44,158,0.00809311613866
45,20,0.00362846981817
45,101,0.0100200985963
46,44,0.129706504093
46,63,0.209792318184
46,75,0.147966932961
46,124,0.0173095208329
46,130,0.0054558102694
46,145,0.00630760054712
47,6,0.000775412454889
47,8,0.00481180512078
47,12,0.00252961135531
47,25,0.00118793143116
47,95,0.00446289537983
47,101,0.00982235266624
47,121,0.00484497301123
48,22,0.011797647889
48,61,0.114112628997
48,67,0.127121217336
48,71,0.163167670822
48,80,0.0153403387028
48,108,0.016540309992
48,142,0.00705563095244
49,43,0.132705641927
49,53,0.0769724087027
50,30,0.023397012462
50,42,0.187670794254
50,66,0.172654266442
50,72,0.190769786271
50,120,0.0200293192913
51,10,0.00153448704828
51,17,0.00849621339748
51,19,0.00959164724796
51,93,0.00610334695091
51,143,0.0139725933908
52,57,0.148430615909
52,74,0.117506413762
52,86,0.00381042142209
52,89,0.000346006361108
52,113,0.00577569081824
52,156,0.00390755844767
52,158,0.000186671226187
53,37,0.00317958989249
53,42,0.156171583527
53,46,0.103734593391
53,50,0.150160848959
53,63,0.139749256285
53,74,0.0957095752789
53,105,0.0573355916657
53,124,0.0338589874482
54,18,0.00338622829683
54,72,0.0812817448102
54,125,0.0258771106747
55,1,0.000997966556172
55,48,0.123910085862
55,53,0.135869371059
55,126,0.0162342904627
55,134,0.0032614519483
55,153,0.00625948980571
55,154,0.0101332685805
56,42,0.0797861651389
56,70,0.0461519210356
56,76,0.100524856799
56,147,0.000828424102967
56,152,0.0289078696259
57,55,0.0677103322694
57,86,0.0111964585853
57,155,0.00276212303332
58,12,0.00109875255167
58,44,0.0860541417943
58,61,0.0326123731149
58,70,0.0711847426919
58,73,0.0946584604672
58,111,0.0267172408798
58,112,0.00244047940002
58,122,0.0126312627439
59,30,0.013281396959
59,61,0.0770069478207
59,68,0.111452148258
59,74,0.0468226851542
59,77,0.157435077556
59,78,0.0766858950238
59,82,0.00322435030643
60,48,0.141930548806
60,75,0.161044709081
60,116,0.0106358888693
60,121,0.0108109219348
61,34,0.00385988199315
61,53,0.152969604613
61,64,0.143758692524
61,67,0.159620369437
61,75,0.0967061663825
61,82,0.0124467630518
61,125,0.00553901893902
62,4,0.00456926513625
62,44,0.0785006167065
62,140,0.0110181864395
63,60,0.277726239451
63,70,0.180274625883
63,83,0.00928211679236
63,111,0.0283677770365
64,30,0.0267791149007
64,46,0.155682377249
64,109,0.0248220224025
64,122,0.0165616966217
65,49,0.0968280156933
65,74,0.0662273237996
65,86,0.00280967328311
65,120,0.0110768916194
66,74,0.159868962289
66,100,0.0113099582443
66,134,0.000610497692654
67,37,0.0058622834976
67,141,0.00463345326017
68,65,0.107589119728
68,106,0.00919514432921
69,7,0.00178455543681
69,36,0.00673900373044
69,66,0.0424640519911
69,82,0.00586322962905
70,45,0.103704222085
70,55,0.145780463698
70,100,0.032650314171
70,129,0.00635134416189
71,20,0.00965588112844
71,30,0.008861651443
71,64,0.113200605588
72,13,0.00909335485244
72,55,0.0425172816852
72,61,0.101948787407
72,81,0.00208743850403
72,104,0.0208138559627
72,130,0.0228465010054
73,18,0.000149452471126
73,43,0.0513522929015
73,64,0.0559404245292
73,90,0.000475527108372
73,117,0.00589067570338
73,137,0.00413336072246
74,41,0.251751190174
74,62,0.258249188345
74,63,0.117402545838
74,101,0.0115566654348
74,159,0.0223157323767
75,1,0.00671413473976
75,4,0.00511548088302
75,28,0.0324624592069
75,35,0.0611240503271
75,78,0.207386469068
75,99,0.00647747338147
75,103,0.0239863185713
75,152,0.00499491279238
76,0,0.00155596522766
76,6,4.39060366278e-06
76,17,0.000351275065431
76,45,0.0637920548428
76,55,0.0539095907071
77,20,0.0208551942998
77,27,0.00264325696054
77,66,0.045297263276
77,79,0.0628446895748
77,102,0.00132592161625
77,121,0.00220725795155
77,133,0.00350157392902
78,52,0.273611428758
78,107,0.0052783954797
79,1,0.000988782784529
79,45,0.120178814175
79,48,0.070734813706
79,64,0.102876772314
79,94,0.0104327934288
79,111,0.0202462462719
80,37,0.0173456965667
80,70,0.0230151136104
80,92,0.228783262532
80,102,0.224056517267
81,12,0.00322543306557
81,40,0.017957052748
81,56,0.000161572888398
81,97,0.127426220259
81,98,0.109076365302
81,100,0.0634575323945
81,113,0.0873340018741
81,117,0.0282420643073
81,156,0.00679980336377
82,2,0.00475730270495
82,56,0.00605891966447
82,93,0.0703171803146
82,108,0.118216509217
82,121,0.00517430934519
82,134,0.00881818341425
83,25,0.00505595840705
83,36,0.0234423041347
83,47,0.0342776814318
83,136,0.00669552251852
84,7,0.0497566386787
84,18,0.0126701968162
84,32,0.0091566187323
84,42,0.0170769402005
84,45,0.00361894029602
84,127,0.0529358139881
85,3,0.0182510059661
86,30,0.0262350708697
86,39,0.0177901118499
86,85,0.0828088763563
86,90,0.172795853646
86,91,0.109089878273
86,99,0.116415492044
86,145,0.0182798177882
87,3,0.0134330344861
87,20,0.017100148238
87,29,0.000265753398723
87,67,0.0177667978448
88,5,0.00588473929605
88,27,0.00848565141165
88,39,0.0232508953751
88,50,0.0146684288287
88,75,0.0140630936064
88,82,0.153972826194
88,113,0.0727263304363
88,126,0.0147629865963
89,13,0.00326522371435
89,79,0.000116561768793
89,102,0.0554495820829
89,129,0.000163565741375
89,145,0.00129854677948
89,147,0.00234492332659
90,30,0.0257774313178
90,32,0.0087038310864
90,47,0.0345435247177
90,56,0.0308404575608
90,146,0.0122378951409
91,57,0.0300496731728
91,80,0.136327527569
91,92,0.121728289857
92,29,0.00586460274272
92,44,0.0169749384601
92,59,0.0469885301697
92,67,0.00911420954442
92,70,0.0258340887461
92,95,0.271732827323
92,106,0.166880766137
92,110,0.191598625525
92,114,0.319665409695
93,10,0.0219056448003
93,40,0.0252659651097
93,58,0.0417206381564
93,86,0.159578675504
93,87,0.156037330583
93,90,0.176037677024
93,111,0.151180827144
93,124,0.0383600318313
93,136,0.00787466096093
94,51,0.00869628020399
94,70,0.000469554965341
94,88,0.054195560673
94,98,0.0725571029711
94,99,0.0797690205753
94,108,0.0741248112607
94,112,0.103905970098
94,135,0.00321310161409
95,13,0.0226870350078
95,15,0.0021870581333
95,91,0.148257786518
95,145,0.00665141123807
96,22,0.00486341964253
96,58,0.0221524932869
96,81,0.174412379319
96,93,0.0970409114441
96,97,0.19700755681
96,101,0.110018103781
97,29,0.00346205543141
97,55,0.00853868691917
97,62,0.00480000675236
97,65,0.0146851340703
97,71,0.00831423995798
97,80,0.109069877481
97,130,0.0175543459182
98,9,0.00188503300836
98,29,0.00857397710232
98,34,0.0210670943246
98,96,0.0949480169459
98,119,0.102599824456
98,121,0.000885397250203
99,13,0.00692460777137
99,49,5.6453343154e-05
99,80,0.125335904297
99,83,0.128367545338
99,117,0.17962163486
99,124,0.0451739298001
99,130,0.0123679850464
99,157,0.00505806679284
100,1,0.00549356524321
100,18,0.0123453344101
100,37,0.00276776416536
100,106,0.208367480072
100,143,0.0257164825019
101,52,0.0244549912383
101,70,0.014023562305
101,80,0.123735824937
101,115,0.130360681316
101,116,0.145251592545
101,129,0.00942447313803
102,17,0.0461954743285
102,99,0.160846629435
102,108,0.122581037559
102,115,0.20740264226
102,117,0.177190874378
102,120,0.0117271121109
103,50,0.0235238284977
103,56,0.0019401836989
103,78,0.0168987291606
103,80,0.0539192558905
103,84,0.0550769126015
103,91,0.0534988447352
103,96,0.106753458602
103,116,0.0933406943972
103,117,0.148563177835
103,144,0.0098916146462
104,0,0.0116134274415
104,90,0.0514210071068
104,97,0.0716903668603
104,112,0.0555181027525
104,147,0.0100049104333
105,1,0.00416582040085
105,21,0.0178661524737
105,44,0.00345616817453
105,85,0.0351848030717
105,117,0.0448506360526
106,47,0.0414469447655
106,67,0.017164751876
106,84,0.206778805762
106,93,0.152458214976
106,133,0.0205496147413
106,141,0.0269840917059
107,32,0.00852528656783
107,63,0.00867729385559
107,72,0.00452183971536
107,85,0.176611818625
107,141,0.0118455967376
107,147,0.00303288167204
108,8,0.0254562589644
108,12,0.0077445475879
108,135,0.0068117366849
108,145,0.026784018786
108,148,0.00644545741664
109,87,0.0976133099306
109,98,0.169394503785
109,107,0.0821707556452
109,119,0.0535491010045
109,135,0.000633101741328
110,3,0.00576541898534
110,10,0.023490046945
110,33,0.0054495703639
110,65,0.00136914547841
110,79,0.00578267915629
111,139,0.0168702397781
111,154,0.0108377847758
111,158,0.00923783639898
112,8,0.00133426951936
112,22,0.00633072053894
112,35,0.00752912306662
112,49,0.00190879198757
113,6,0.0248266369679
113,53,0.0118142553737
113,83,0.134374469139
113,84,0.146958888099
113,100,0.216937327091
113,101,0.179825754586
113,106,0.174787301333
113,134,0.0151047790583
113,155,0.0160291693059
114,14,0.011556285803
114,17,0.0104338421259
114,36,0.00938961736068
114,50,0.00763545749307
114,55,0.0205361601769
114,61,0.0165018332339
114,88,0.204251610962
114,111,0.145935396587
114,126,0.00944517194124
115,36,0.0208765425278
115,76,0.0279435827017
115,117,0.17068509004
115,122,0.0570675536472
115,129,0.0153516807864
115,131,0.00609924364655
116,84,0.150745824138
116,110,0.148879613301
116,133,0.011064661906
117,43,0.0199400706403
117,85,0.159096686124
117,107,0.212999440947
117,113,0.159447607285
117,143,0.0171036343633
118,4,0.00323246026162
118,38,0.00153407564919
118,97,0.0534003075223
118,110,0.0877815708875
118,132,0.00323702773277
119,15,0.00419554419842
119,37,0.0154250912963
119,62,0.0100060062988
119,68,1.34798610763e-05
119,90,0.0809909901314
119,123,0.0128235241873
119,132,0.00679634148283
120,59,2.21843018458e-05
120,94,0.00239772177233
120,130,0.0972524892988
120,148,0.0695131135765
121,10,0.0173035430097
121,86,0.0032741764537
121,116,0.0109495192002
121,138,0.0973883562564
121,145,0.115406848016
122,55,0.0174934501721
122,112,0.00158240664651
122,117,0.0164241449195
122,126,0.0542205293491
122,153,0.0954017184796
123,1,0.0117576896233
123,34,0.0185690610076
123,48,0.00583898333832
123,51,0.015529293873
123,57,0.0146066744414
123,91,0.0143850240402
123,139,0.158500074693
124,105,0.00181006680486
124,131,0.0772017530091
124,133,0.0339137013997
124,159,0.0726025067493
125,4,0.00271054536062
125,18,0.00916784255602
125,91,0.0125006106714
125,123,0.130895318574
125,138,0.135400910843
125,141,0.149069983856
126,26,0.000926163460192
126,41,0.00666262656858
126,78,0.00127831849825
126,97,0.00235693731609
126,143,0.0556015511648
126,153,0.0809462701097
126,155,0.0873554721361
127,125,0.092480420275
127,131,0.0884392396177
128,14,0.00613893405221
128,43,0.00393544027447
128,86,0.00322976343938
128,135,0.248195190276
128,152,0.210666613283
128,153,0.100815449517
129,17,0.000654231028159
129,44,0.000835809418488
129,69,0.00354064399725
129,136,0.076299337216
129,153,0.0842475057627
130,29,0.00468692682138
130,102,0.0283291627344
131,24,0.00415175488318
131,74,0.0111662509458
131,97,0.01517473112
131,113,0.0142408414031
131,132,0.0897594776331
131,144,0.12262961839
132,1,0.00758605137631
132,71,0.00828435039348
132,125,0.0963002381777
132,140,0.238638805855
132,146,0.177169234355
133,2,0.00349276481368
133,7,0.0399785161773
133,10,0.00793031913493
133,24,0.0410601786766
133,30,0.0268287038306
133,54,0.0106597807694
133,100,0.0193504956596
133,130,0.146503928578
133,147,0.295384234335
133,157,0.191810757909
134,104,0.063191624149
134,139,0.0920758427145
134,148,0.194661417052
135,50,0.00486262512144
135,51,0.00205315731397
135,139,0.11094303301
136,5,0.00921589778834
136,20,0.0150486878913
136,36,0.00558753713519
136,40,0.052373945207
136,43,0.00211070037845
136,89,0.0350536516445
136,119,0.0308400508813
136,123,0.143942398838
136,156,0.162523511357
137,16,0.0129707915702
137,33,0.00722063456819
137,39,0.0163920655847
137,59,0.0275442394725
137,83,0.00525330475843
137,155,0.136619726325
138,9,0.0454767935823
138,56,0.113165004256
138,61,0.0166139255443
138,84,0.0141895504082
138,85,0.0208881657794
138,136,0.150614528119
139,22,0.0198683502344
139,29,0.016619080335
139,32,0.00864020107956
139,81,0.0167930140319
139,83,0.0294142783742
139,98,0.0229112444592
139,132,0.15836822046
140,9,0.0338516801383
140,113,0.0259714158003
140,129,0.111458203031
140,139,0.167285118442
140,143,0.105032430129
140,156,0.130494520388
140,159,0.158098962347
141,88,0.0213384547413
141,91,0.0374247878561
141,128,0.263026969081
142,57,0.00412855217194
142,108,0.00191934957374
142,118,0.0084372004299
142,148,0.122509240834
143,18,0.043843510354
143,35,0.0383489734929
143,48,0.00693958035267
143,68,0.0136926149464
143,96,0.02644012572
143,133,0.10019492467
143,142,0.273827087336
143,145,0.148356231045
144,149,0.0938670682221
145,149,0.237326612903
146,29,0.00626016208391
146,93,0.0145264330245
147,27,0.000664849102884
147,74,0.0119710530682
147,119,0.00647066523103
147,128,0.13310547621
147,138,0.090872902698
147,141,0.0983086742566
147,156,0.132493726726
147,157,0.175364442695
147,158,0.139782019528
148,32,0.0211325072313
148,96,0.0106729040315
148,125,0.0817682369073
148,138,0.113753209376
148,143,0.121420370152
148,145,0.115696665471
148,150,0.202773592004
149,2,0.00935289968928
149,33,0.0180209394258
149,115,0.0103567703756
149,121,0.177828816671
149,123,0.088927979838
149,154,0.121629566867
150,73,0.0367408516818
150,134,0.261134977446
151,6,0.0115626023444
151,45,0.00465930435163
151,125,0.042505936038
151,133,0.09908063772
151,155,0.0628055906915
152,41,0.000169927708465
152,70,0.0149064498203
152,103,0.0206200411783
152,130,0.118704799695
152,131,0.0867045083787
153,19,0.0119178676713
153,45,0.00671535558115
153,120,0.163051736113
153,125,0.0916403069678
154,102,0.00415986731816
154,158,0.202078695782
155,60,0.00549852901123
155,84,0.020118377515
155,101,0.0189098268052
155,102,0.0049718694562
156,20,0.0118631738675
156,28,0.00577252287952
156,130,0.152419992061
156,133,0.14386648501
156,153,0.122382236667
157,44,0.0010471663932
157,46,0.00150151863632
157,83,0.0166777648062
157,134,0.130705773118
157,150,0.143882799
157,154,0.120408019798
158,77,0.0355781750248
158,80,0.00124154580578
158,82,0.00798581924925
158,93,0.00715544171574
158,99,0.0100612401141
158,137,0.190251843517
159,63,0.00849180800577
159,70,0.0106756929336
159,130,0.0771247227258
159,131,0.107373964745
159,141,0.0777539450277
159,143,0.1280581535
159,146,0.130710802394
